=== pairwise diff_frac within the c5ca set (lower = same page/state) ===
                                           0     1     2     3     4     5     6     7     8     9    10    11    12    13    14    15    16    17    18    19    20    21    22    23    24
c5ca-about.png                         0.000 0.450 0.450 0.389 0.321 0.378 0.389 0.382 0.378 0.449 0.449 0.446 1.000 0.450 0.238 0.304 0.304 0.446 0.171 0.462 0.366 1.000 0.376 0.376 0.453
c5ca-after-nastroit.png                0.450 0.000 0.001 0.438 0.394 0.432 0.438 0.437 0.432 0.354 0.354 0.007 1.000 0.001 0.406 0.449 0.449 0.007 0.461 0.321 0.358 1.000 0.386 0.386 0.332
c5ca-after-nastroit2.png               0.450 0.001 0.000 0.438 0.394 0.432 0.438 0.437 0.432 0.354 0.354 0.006 1.000 0.001 0.406 0.449 0.449 0.007 0.461 0.321 0.358 1.000 0.386 0.386 0.332
c5ca-after-nastroit3.png               0.389 0.438 0.438 0.000 0.348 0.069 0.000 0.077 0.055 0.427 0.427 0.438 1.000 0.438 0.388 0.452 0.452 0.438 0.351 0.314 0.341 1.000 0.345 0.345 0.321
c5ca-backlight.png                     0.321 0.394 0.394 0.348 0.000 0.348 0.348 0.351 0.348 0.422 0.422 0.391 0.999 0.394 0.146 0.192 0.192 0.391 0.316 0.279 0.179 0.999 0.222 0.222 0.319
c5ca-cooling-dirty.png                 0.378 0.432 0.432 0.069 0.348 0.000 0.069 0.016 0.015 0.428 0.428 0.433 1.000 0.432 0.386 0.452 0.452 0.433 0.340 0.314 0.340 1.000 0.344 0.344 0.321
c5ca-cooling-gpu-discarded.png         0.389 0.438 0.438 0.000 0.348 0.069 0.000 0.077 0.055 0.427 0.427 0.438 1.000 0.438 0.388 0.452 0.452 0.438 0.351 0.314 0.341 1.000 0.345 0.345 0.321
c5ca-cooling-gpu-tab.png               0.382 0.437 0.437 0.077 0.351 0.016 0.077 0.000 0.027 0.438 0.438 0.437 1.000 0.437 0.390 0.455 0.455 0.437 0.343 0.325 0.344 1.000 0.348 0.348 0.333
c5ca-cooling.png                       0.378 0.432 0.432 0.055 0.348 0.015 0.055 0.027 0.000 0.428 0.428 0.433 1.000 0.432 0.386 0.451 0.451 0.433 0.340 0.314 0.340 1.000 0.344 0.344 0.321
c5ca-dashboard-bottom.png              0.449 0.354 0.354 0.427 0.422 0.428 0.427 0.438 0.428 0.000 0.000 0.354 1.000 0.354 0.431 0.460 0.460 0.354 0.435 0.311 0.371 1.000 0.407 0.407 0.321
c5ca-dashboard-bottom2.png             0.449 0.354 0.354 0.427 0.422 0.428 0.427 0.438 0.428 0.000 0.000 0.354 1.000 0.354 0.431 0.460 0.460 0.354 0.435 0.311 0.371 1.000 0.407 0.407 0.321
c5ca-dashboard-early.png               0.446 0.007 0.006 0.438 0.391 0.433 0.438 0.437 0.433 0.354 0.354 0.000 1.000 0.007 0.403 0.446 0.446 0.000 0.457 0.321 0.355 1.000 0.384 0.384 0.332
c5ca-dashboard-light.png               1.000 1.000 1.000 1.000 0.999 1.000 1.000 1.000 1.000 1.000 1.000 1.000 0.000 1.000 1.000 1.000 1.000 1.000 1.000 1.000 0.999 0.357 0.999 0.999 1.000
c5ca-dashboard-top-again.png           0.450 0.001 0.001 0.438 0.394 0.432 0.438 0.437 0.432 0.354 0.354 0.007 1.000 0.000 0.406 0.449 0.449 0.007 0.461 0.321 0.358 1.000 0.386 0.386 0.332
c5ca-display.png                       0.238 0.406 0.406 0.388 0.146 0.386 0.388 0.390 0.386 0.431 0.431 0.403 1.000 0.406 0.000 0.158 0.158 0.403 0.278 0.323 0.235 1.000 0.277 0.277 0.350
c5ca-graphics-after-click.png          0.304 0.449 0.449 0.452 0.192 0.452 0.452 0.455 0.451 0.460 0.460 0.446 1.000 0.449 0.158 0.000 0.000 0.446 0.331 0.369 0.266 1.000 0.310 0.310 0.397
c5ca-graphics.png                      0.304 0.449 0.449 0.452 0.192 0.452 0.452 0.455 0.451 0.460 0.460 0.446 1.000 0.449 0.158 0.000 0.000 0.446 0.331 0.369 0.266 1.000 0.310 0.310 0.397
c5ca-perf.png                          0.446 0.007 0.007 0.438 0.391 0.433 0.438 0.437 0.433 0.354 0.354 0.000 1.000 0.007 0.403 0.446 0.446 0.000 0.457 0.321 0.355 1.000 0.384 0.384 0.333
c5ca-performance-reselect.png          0.171 0.461 0.461 0.351 0.316 0.340 0.351 0.343 0.340 0.435 0.435 0.457 1.000 0.461 0.278 0.331 0.331 0.457 0.000 0.430 0.301 1.000 0.315 0.315 0.396
c5ca-power.png                         0.462 0.321 0.321 0.314 0.279 0.314 0.314 0.325 0.314 0.311 0.311 0.321 1.000 0.321 0.323 0.369 0.369 0.321 0.430 0.000 0.238 1.000 0.282 0.282 0.166
c5ca-settings-dark-restore.png         0.366 0.358 0.358 0.341 0.179 0.340 0.341 0.344 0.340 0.371 0.371 0.355 0.999 0.358 0.235 0.266 0.266 0.355 0.301 0.238 0.000 0.999 0.048 0.050 0.270
c5ca-settings-light.png                1.000 1.000 1.000 1.000 0.999 1.000 1.000 1.000 1.000 1.000 1.000 1.000 0.357 1.000 1.000 1.000 1.000 1.000 1.000 1.000 0.999 0.000 0.999 1.000 1.000
c5ca-settings-toggled-back.png         0.376 0.386 0.386 0.345 0.222 0.344 0.345 0.348 0.344 0.407 0.407 0.384 0.999 0.386 0.277 0.310 0.310 0.384 0.315 0.282 0.048 0.999 0.000 0.002 0.299
c5ca-settings-toggled.png              0.376 0.386 0.386 0.345 0.222 0.344 0.345 0.348 0.344 0.407 0.407 0.384 0.999 0.386 0.277 0.310 0.310 0.384 0.315 0.282 0.050 1.000 0.002 0.000 0.299
c5ca-system.png                        0.453 0.332 0.332 0.321 0.319 0.321 0.321 0.333 0.321 0.321 0.321 0.332 1.000 0.332 0.350 0.397 0.397 0.333 0.396 0.166 0.270 1.000 0.299 0.299 0.000

=== identical (byte-equal pixel content) pairs ===
   c5ca-after-nastroit3.png  ==  c5ca-cooling-gpu-discarded.png
   c5ca-dashboard-bottom.png  ==  c5ca-dashboard-bottom2.png
   c5ca-graphics-after-click.png  ==  c5ca-graphics.png
